accuracy : 0.49421296296296297
micro_f1_score : 0.49421296296296297
macro_f1_score : 0.493560999818922
confusion_matrix : [[229 203]
 [234 198]]
criterion : entropy
max_features : log2
random_seed : 14
