accuracy : 0.8333333333333334
micro_f1_score : 0.8333333333333334
macro_f1_score : 0.8333252953942609
confusion_matrix : [[357  75]
 [ 69 363]]
criterion : entropy
max_features : auto
random_seed : 6
