accuracy : 0.7432098765432099
micro_f1_score : 0.7432098765432099
macro_f1_score : 0.7431331414353322
confusion_matrix : [[294 111]
 [ 97 308]]
criterion : entropy
max_features : auto
random_seed : 18
