accuracy : 0.5347222222222222
micro_f1_score : 0.5347222222222222
macro_f1_score : 0.534699782975645
confusion_matrix : [[234 198]
 [204 228]]
criterion : gini
max_features : auto
random_seed : 9
