accuracy : 0.5671296296296297
micro_f1_score : 0.5671296296296297
macro_f1_score : 0.5661998453475383
confusion_matrix : [[265 167]
 [207 225]]
criterion : gini
max_features : log2
random_seed : 16
