accuracy : 0.5532407407407407
micro_f1_score : 0.5532407407407407
macro_f1_score : 0.5528957528957528
confusion_matrix : [[251 181]
 [205 227]]
criterion : gini
max_features : log2
random_seed : 9
