accuracy : 0.5802469135802469
micro_f1_score : 0.5802469135802469
macro_f1_score : 0.5795060341036791
confusion_matrix : [[252 153]
 [187 218]]
criterion : gini
max_features : log2
random_seed : 8
