accuracy : 0.8056737588652483
micro_f1_score : 0.8056737588652483
macro_f1_score : 0.8056346531166676
confusion_matrix : [[558 147]
 [127 578]]
criterion : gini
max_features : log2
random_seed : 4
