accuracy : 0.8134751773049645
micro_f1_score : 0.8134751773049645
macro_f1_score : 0.8134675775231524
confusion_matrix : [[569 136]
 [127 578]]
criterion : entropy
max_features : log2
random_seed : 10
