accuracy : 0.8581560283687943
micro_f1_score : 0.8581560283687943
macro_f1_score : 0.8580417820286936
confusion_matrix : [[625  80]
 [120 585]]
criterion : gini
max_features : auto
random_seed : 13
