accuracy : 0.5277777777777778
micro_f1_score : 0.5277777777777778
macro_f1_score : 0.5272813096745124
confusion_matrix : [[242 190]
 [218 214]]
criterion : gini
max_features : auto
random_seed : 14
