accuracy : 0.53125
micro_f1_score : 0.53125
macro_f1_score : 0.5307917888563051
confusion_matrix : [[243 189]
 [216 216]]
criterion : gini
max_features : auto
random_seed : 16
