accuracy : 0.5300925925925926
micro_f1_score : 0.5300925925925926
macro_f1_score : 0.5300019293845264
confusion_matrix : [[235 197]
 [209 223]]
criterion : entropy
max_features : log2
random_seed : 14
