accuracy : 0.5358796296296297
micro_f1_score : 0.5358796296296297
macro_f1_score : 0.535739697777349
confusion_matrix : [[239 193]
 [208 224]]
criterion : gini
max_features : auto
random_seed : 16
