accuracy : 0.5185185185185185
micro_f1_score : 0.5185185185185185
macro_f1_score : 0.5183533447684392
confusion_matrix : [[232 200]
 [216 216]]
criterion : gini
max_features : log2
random_seed : 18
