accuracy : 0.6851851851851852
micro_f1_score : 0.6851851851851852
macro_f1_score : 0.6848998417848811
confusion_matrix : [[283 149]
 [123 309]]
criterion : gini
max_features : auto
random_seed : 5
