accuracy : 0.8078703703703703
micro_f1_score : 0.8078703703703703
macro_f1_score : 0.8078611044128285
confusion_matrix : [[346  86]
 [ 80 352]]
criterion : gini
max_features : auto
random_seed : 7
