accuracy : 0.8333333333333334
micro_f1_score : 0.8333333333333334
macro_f1_score : 0.8333011769245611
confusion_matrix : [[354  78]
 [ 66 366]]
criterion : gini
max_features : auto
random_seed : 3
