accuracy : 0.8192771084337349
micro_f1_score : 0.819277108433735
macro_f1_score : 0.8192042080805473
confusion_matrix : [[199  50]
 [ 40 209]]
criterion : gini
max_features : log2
random_seed : 2
