accuracy : 0.6066666666666667
micro_f1_score : 0.6066666666666667
macro_f1_score : 0.5834755955512628
confusion_matrix : [[68 17 15]
 [42 30 28]
 [10  6 84]]
n_components : 0
n_iter : 0
algorithm : 
class_number : 3
