accuracy : 0.8469135802469135
micro_f1_score : 0.8469135802469135
macro_f1_score : 0.8468799736567696
confusion_matrix : [[337  68]
 [ 56 349]]
criterion : gini
max_features : auto
random_seed : 14
