accuracy : 0.8839506172839506
micro_f1_score : 0.8839506172839506
macro_f1_score : 0.8839159389178904
confusion_matrix : [[365  40]
 [ 54 351]]
criterion : entropy
max_features : auto
random_seed : 5
