accuracy : 0.8287037037037037
micro_f1_score : 0.8287037037037037
macro_f1_score : 0.8285484433241265
confusion_matrix : [[345  87]
 [ 61 371]]
criterion : entropy
max_features : log2
random_seed : 5
