accuracy : 0.8275462962962963
micro_f1_score : 0.8275462962962963
macro_f1_score : 0.8271942011476896
confusion_matrix : [[338  94]
 [ 55 377]]
criterion : gini
max_features : auto
random_seed : 14
