accuracy : 0.7650462962962963
micro_f1_score : 0.7650462962962964
macro_f1_score : 0.7643489675353727
confusion_matrix : [[307 125]
 [ 78 354]]
criterion : gini
max_features : auto
random_seed : 3
