accuracy : 0.7974537037037037
micro_f1_score : 0.7974537037037037
macro_f1_score : 0.7972557112342059
confusion_matrix : [[331 101]
 [ 74 358]]
criterion : gini
max_features : auto
random_seed : 4
