accuracy : 0.7905092592592593
micro_f1_score : 0.7905092592592593
macro_f1_score : 0.7903854273478497
confusion_matrix : [[331 101]
 [ 80 352]]
criterion : entropy
max_features : log2
random_seed : 4
