accuracy : 0.7791164658634538
micro_f1_score : 0.7791164658634538
macro_f1_score : 0.7787596323161177
confusion_matrix : [[184  65]
 [ 45 204]]
criterion : gini
max_features : auto
random_seed : 3
