accuracy : 0.8067129629629629
micro_f1_score : 0.8067129629629629
macro_f1_score : 0.8065758941079162
confusion_matrix : [[337  95]
 [ 72 360]]
criterion : gini
max_features : auto
random_seed : 15
