accuracy : 0.7228915662650602
micro_f1_score : 0.7228915662650603
macro_f1_score : 0.7217426512268199
confusion_matrix : [[164  85]
 [ 53 196]]
criterion : entropy
max_features : auto
random_seed : 20
