accuracy : 0.86
micro_f1_score : 0.8599999999999999
macro_f1_score : 0.8599859985998599
confusion_matrix : [[87 13]
 [15 85]]
criterion : gini
max_features : log2
random_seed : 3
