accuracy : 0.7793103448275862
micro_f1_score : 0.7793103448275862
macro_f1_score : 0.7793091785397201
confusion_matrix : [[338  97]
 [ 95 340]]
criterion : entropy
max_features : auto
random_seed : 18
