accuracy : 0.7991967871485943
micro_f1_score : 0.7991967871485943
macro_f1_score : 0.7986479492819252
confusion_matrix : [[212  37]
 [ 63 186]]
criterion : entropy
max_features : auto
random_seed : 15
