accuracy : 0.86
micro_f1_score : 0.8599999999999999
macro_f1_score : 0.8598738864978481
confusion_matrix : [[89 11]
 [17 83]]
criterion : gini
max_features : auto
random_seed : 13
