accuracy : 0.7908045977011494
micro_f1_score : 0.7908045977011494
macro_f1_score : 0.7908045977011494
confusion_matrix : [[344  91]
 [ 91 344]]
criterion : gini
max_features : log2
random_seed : 11
