accuracy : 0.84
micro_f1_score : 0.8399999999999999
macro_f1_score : 0.8399999999999999
confusion_matrix : [[84 16]
 [16 84]]
n_components : 17
n_iter : 10
algorithm : map
class_number : 2
